821499986353128497
821499987570535389
821499987711584457
821499987716809100
821499988705670968
821499988715080881
821499988762282776
821499988768581955
821499988807376156
821499988812042343
821499989244082212
821499989288625690
821499989320097757
821499989419165186
821499989423389080
821499992549201919
821499992553414825
821499992557077686
821499993614524790
821499994000950413
821499994030836325
821499994148779958
821499994494322755
821499994525209753
821499994612277002
821499994709287702
824766257253448006
824766279349541972
824766404371274900
824766508504796960
829734779929306802
830337238487339179
831466908270296716
831467264188443733
833181088932241267
835136435884998508
837627806451629304
837627863689663591
839352114939027544
839352217033607621
839360328241874267
839384083482121877
839384224311643769
839384417308892199
839386537595607343
839391342368994166
839392855122360513
839396571961970578
839397923116644490
839408420712476634
840073738025255612
842471806977809654
842471830811431334
842474943959116651
847549533116292751
847549587073368602
847549609595721107
847549657144491239
847550325469084146
847550330095383321
847550332989458276
847595769847477440
856018431125332855
856018446509486042
860825222250577695
861083814728938563
861085953498363013
861086104068131234
861093460833815976
861093505741164520
861093542426660795
861093575465699351
861093663476360771
861095132070497045
861095235839188761
861095335584954429
861095912381460154
861096647416446176
861096946140515080
861127061930051111
861127083901415528
861127149148545976
861128001050466139
861128001055701240
861128001059397611
861128008336010406
861128011209073221
861130308365972256
861134449321044412
861134525242130836
861134975874963578
861135051529235791
861135171944012207
861135260517735610
861135358256048308
861135456161101747
861136566888239776
861137673463096925
861137868640841971
861140520039178857
861141752031608723
861142015743702658
861142165959555091
861143010007705931
861143874741013463
861172393641075911
861219119985950588
861455195229476481
861548383301630735
861583739024176795
861672134135644114
861672353632953888
861673005190863545
861679755830337274
861679866830519375
